42102134
42202487
42101984
42000176
42201492
42202417
42202463
42202224
42303034
42202749
42202493
42202163
42202566
42002777
42202495
42201775
42201557
42201877
42101330
42000183
42101542
42201507
42301785
42101488
42403206
42402978
42101619
42202005
42201720
42000276
42303031
42101199
42303033
42201754
42202242
42202383
42302835
42101630
42202484
42100351
42000057
42201624
42303037
41902845
42102294
42303038
42202981
42402954
42101535
42202046
42202128
42201767
42201504
42202231
42201578
42202069
42202683
42202215
42201966
42201437
42201793
42202068
42201454
42201544
42202112
42201451
42201498
42202164
42201643
42302287
42000200
42102189
42202471
42202252
42201471
42201736
42202171
42101740
42202313
42202638
42201480
42000275
42202536
42202176
42201776
42201902
42201810
42000262
42201874
42200082
42202596
42101420
42202803
42002774
42202637
42201606
42201918
42201715
42202226
42202426
42001201
42201556
42201439
42103154
42201711
42202680
42103155
42202283
42201745
42201961
42201839
42201582
42000056
42201512
42202256
42000327
42202478
42202470
42202572
42102481
42000336
42000299
42000180
42201495
42201470
42201801
42202733
42201460
42202208
42201825
42201973
42202091
42000595
42201770
42202498
42201529
42202377
42202559
42202053
42201855
42202219
42201697
42201496
42201491
42000305
42202428
42201652
42201683
42200626
42200451
42201591
42202440
42202292
42201987
42000198
42202735
42202548
42202561
42202501
42200616
42201446
42201632
42201705
41900079
42201626
42202011
42000284
42202216
42201609
42000306
42000153
42201549
42202323
42201996
42202315
42000274
42201917
42201576
42202398
42200878
42202529
42201993
42201458
42201746
42102026
42101818
42102267
42102123
